0 75 25
0.05 72.5 27.5
0.1 70.25 29.75
0.15000000000000002 68.225 31.775
0.2 66.40249999999999 33.5975
0.25 64.76225 35.23775
0.3 63.286024999999995 36.713975
0.35 61.95742249999999 38.0425775
0.39999999999999997 60.76168024999999 39.23831975
0.44999999999999996 59.68551222499999 40.314487775
0.49999999999999994 58.71696100249999 41.2830389975
0.5499999999999999 57.845264902249994 42.15473509775
0.6 57.060738412024996 42.939261587975
0.65 56.35466457082249 43.6453354291775
0.7000000000000001 55.71919811374024 44.28080188625975
0.7500000000000001 55.14727830236622 44.852721697633775
0.8000000000000002 54.632550472129594 45.3674495278704
0.8500000000000002 54.16929542491663 45.83070457508336
0.9000000000000002 53.75236588242497 46.247634117575025
0.9500000000000003 53.377129294182474 46.62287070581752
1.0000000000000002 53.03941636476423 46.960583635235764
1.0500000000000003 52.735474728287805 47.26452527171219
1.1000000000000003 52.461927255459024 47.53807274454097
1.1500000000000004 52.21573452991312 47.78426547008687
1.2000000000000004 51.994161076921806 48.00583892307819
1.2500000000000004 51.794744969229626 48.20525503077037
1.3000000000000005 51.61527047230666 48.38472952769333
1.3500000000000005 51.453743425076 48.546256574923994
1.4000000000000006 51.3083690825684 48.691630917431596
1.4500000000000006 51.17753217431156 48.822467825688435
1.5000000000000007 51.0597789568804 48.94022104311959
1.5500000000000007 50.95380106119236 49.046198938807635
1.6000000000000008 50.85842095507312 49.14157904492687
1.6500000000000008 50.77257885956581 49.22742114043418
1.7000000000000008 50.69532097360923 49.304679026390765
1.7500000000000009 50.62578887624831 49.374211123751685
1.800000000000001 50.56320998862348 49.436790011376516
1.850000000000001 50.50688898976113 49.49311101023886
1.900000000000001 50.45620009078502 49.543799909214975
1.950000000000001 50.41058008170651 49.58941991829348
2.000000000000001 50.36952207353586 49.63047792646413
2.0500000000000007 50.332569866182276 49.66743013381772
2.1000000000000005 50.29931287956405 49.700687120435944
2.1500000000000004 50.26938159160764 49.73061840839235
2.2 50.242443432446876 49.75755656755312
2.25 50.21819908920219 49.781800910797806
2.3 50.196379180281966 49.80362081971803
2.3499999999999996 50.17674126225377 49.82325873774622
2.3999999999999995 50.15906713602839 49.8409328639716
2.4499999999999993 50.14316042242555 49.85683957757444
2.499999999999999 50.128844380183 49.871155619816996
2.549999999999999 50.1159599421647 49.88404005783529
2.5999999999999988 50.10436394794823 49.89563605205176
2.6499999999999986 50.09392755315341 49.906072446846586
2.6999999999999984 50.08453479783807 49.915465202161926
2.7499999999999982 50.07608131805426 49.923918681945736
2.799999999999998 50.06847318624883 49.93152681375116
2.849999999999998 50.061625867623945 49.93837413237605
2.8999999999999977 50.05546328086155 49.94453671913844
2.9499999999999975 50.0499169527754 49.950083047224595
2.9999999999999973 50.04492525749786 49.955074742502134
3.049999999999997 50.04043273174807 49.959567268251924
3.099999999999997 50.03638945857326 49.96361054142673
3.149999999999997 50.032750512715936 49.96724948728406
3.1999999999999966 50.02947546144434 49.97052453855565
3.2499999999999964 50.02652791529991 49.973472084700084
3.2999999999999963 50.02387512376992 49.976124876230074
3.349999999999996 50.02148761139293 49.978512388607065
3.399999999999996 50.01933885025363 49.98066114974636
3.4499999999999957 50.017404965228266 49.98259503477173
3.4999999999999956 50.01566446870544 49.984335531294555
3.5499999999999954 50.0140980218349 49.985901978165096
3.599999999999995 50.01268821965141 49.987311780348584
3.649999999999995 50.01141939768627 49.988580602313725
3.699999999999995 50.01027745791764 49.989722542082355
3.7499999999999947 50.00924971212587 49.99075028787412
3.7999999999999945 50.00832474091328 49.99167525908671
3.8499999999999943 50.007492266821956 49.99250773317804
3.899999999999994 50.00674304013976 49.99325695986023
3.949999999999994 50.00606873612578 49.99393126387421
3.999999999999994 50.00546186251321 49.994538137486785
4.049999999999994 50.00491567626189 49.995084323738105
4.099999999999993 50.004424108635696 49.9955758913643
4.149999999999993 50.003981697772126 49.99601830222787
4.199999999999993 50.00358352799491 49.99641647200508
4.249999999999993 50.00322517519542 49.996774824804575
4.299999999999993 50.002902657675875 49.99709734232412
4.3499999999999925 50.002612391908286 49.99738760809171
4.399999999999992 50.00235115271746 49.997648847282534
4.449999999999992 50.00211603744571 49.99788396255428
4.499999999999992 50.001904433701135 49.99809556629886
4.549999999999992 50.00171399033102 49.99828600966897
4.599999999999992 50.00154259129792 49.99845740870207
4.6499999999999915 50.001388332168126 49.99861166783187
4.699999999999991 50.00124949895131 49.99875050104868
4.749999999999991 50.00112454905618 49.998875450943814
4.799999999999991 50.00101209415056 49.99898790584943
4.849999999999991 50.000910884735504 49.99908911526449
4.899999999999991 50.00081979626195 49.99918020373804
4.94999999999999 50.000737816635755 49.99926218336424
4.99999999999999 50.00066403497218 49.99933596502781
