0 100 0 100 0
0.05 95.0 5.0 95.24187090179797 4.7581290982020334
0.1 90.5 9.5 90.9365376538991 9.063462346100906
0.15000000000000002 86.45 13.55 87.0409110340859 12.959088965914106
0.2 82.805 17.195 83.51600230178197 16.483997698218033
0.25 79.5245 20.4755 80.32653298563167 19.673467014368327
0.3 76.57205 23.427950000000003 77.44058180470132 22.559418195298676
0.35 73.914845 26.085155000000004 74.82926518957048 25.170734810429522
0.39999999999999997 71.5233605 28.476639500000005 72.46644820586108 27.533551794138916
0.44999999999999996 69.37102445 30.628975550000003 70.32848298702996 29.671517012970043
0.49999999999999994 67.433922005 32.566077995 68.39397205857212 31.606027941427882
0.5499999999999999 65.6905298045 34.3094701955 66.64355418490398 33.35644581509602
0.6 64.12147682405 35.87852317595 65.05971059561011 34.94028940438989
0.65 62.70932914164501 37.290670858355 63.62658965170063 36.37341034829937
0.7000000000000001 61.43839622748051 38.5616037725195 62.329848197080324 37.670151802919676
0.7500000000000001 60.294556604732456 39.70544339526755 61.15650800742149 38.84349199257851
0.8000000000000002 59.26510094425921 40.7348990557408 60.09482589973277 39.90517410026723
0.8500000000000002 58.33859084983329 41.66140915016672 59.13417620263673 40.86582379736327
0.9000000000000002 57.50473176484996 42.49526823515005 58.26494441107933 41.73505558892067
0.9500000000000003 56.75425858836496 43.245741411635045 57.47843096113175 42.52156903886825
1.0000000000000002 56.078832729528465 43.92116727047154 56.76676416183063 43.23323583816937
1.0500000000000003 55.47094945657562 44.52905054342439 56.122821412649095 43.877178587350905
1.1000000000000003 54.923854510918055 45.07614548908195 55.54015791811669 44.45984208188331
1.1500000000000004 54.43146905982625 45.56853094017376 55.01294218614018 44.98705781385982
1.2000000000000004 53.988322153843626 46.01167784615638 54.535897664470625 45.464102335529375
1.2500000000000004 53.589489938459266 46.41051006154074 54.104249931194936 45.895750068805064
1.3000000000000005 53.23054094461334 46.76945905538667 53.71367891071669 46.28632108928331
1.3500000000000005 52.907486850152004 47.092513149848 53.36027563698748 46.63972436301252
1.4000000000000006 52.6167381651368 47.383261834863205 53.04050313126089 46.95949686873911
1.4500000000000006 52.355064348623124 47.64493565137688 52.75116100282036 47.24883899717964
1.5000000000000007 52.119557913760815 47.88044208623919 52.48935341839319 47.51064658160681
1.5500000000000007 51.90760212238473 48.09239787761528 52.252460119677885 47.747539880322115
1.6000000000000008 51.71684191014626 48.28315808985375 52.03811019891831 47.96188980108169
1.6500000000000008 51.54515771913163 48.45484228086838 51.844158370062 48.155841629938
1.7000000000000008 51.39064194721847 48.60935805278154 51.6686634980163 48.3313365019837
1.7500000000000009 51.25157775249662 48.748422247503385 51.50986917111592 48.49013082888408
1.800000000000001 51.12641997724696 48.873580022753046 51.366186122364624 48.633813877635376
1.850000000000001 51.01377797952227 48.98622202047774 51.236176323516965 48.763823676483035
1.900000000000001 50.91240018157004 49.087599818429965 51.11853859280828 48.88146140719172
1.950000000000001 50.82116016341304 49.17883983658697 51.01209557229022 48.98790442770978
2.000000000000001 50.73904414707174 49.26095585292827 50.91578194443671 49.08421805556329
2.0500000000000007 50.665139732364565 49.33486026763544 50.82863377008806 49.17136622991194
2.1000000000000005 50.59862575912811 49.401374240871895 50.74977884102388 49.25022115897612
2.1500000000000004 50.5387631832153 49.461236816784705 50.67842795061004 49.32157204938996
2.2 50.484886864893774 49.51511313510623 50.61386699515342 49.38613300484658
2.25 50.436398178404396 49.56360182159561 50.55544982691212 49.44455017308788
2.3 50.39275836056396 49.60724163943605 50.50259178723168 49.49740821276832
2.3499999999999996 50.35348252450756 49.646517475492445 50.45476385508479 49.54523614491521
2.3999999999999995 50.31813427205681 49.6818657279432 50.411487352451005 49.588512647548995
2.4499999999999993 50.286320844851126 49.71367915514888 50.37232915354622 49.62767084645378
2.499999999999999 50.257688760366015 49.74231123963399 50.33689734995427 49.66310265004573
2.549999999999999 50.231919884329415 49.76808011567059 50.30483732827578 49.69516267172422
2.5999999999999988 50.20872789589647 49.791272104103534 50.27582822103804 49.72417177896196
2.6499999999999986 50.18785510630683 49.81214489369318 50.24957969534551 49.75042030465449
2.6999999999999984 50.16906959567614 49.830930404323865 50.22582904713063 49.77417095286937
2.7499999999999982 50.15216263610853 49.84783736389148 50.2043385719232 49.7956614280768
2.799999999999998 50.136946372497675 49.86305362750233 50.184893185824144 49.815106814175856
2.849999999999998 50.123251735247905 49.8767482647521 50.167298272873566 49.832701727126434
2.8999999999999977 50.11092656172311 49.889073438276895 50.15137773726879 49.84862226273121
2.9499999999999975 50.0998339055508 49.900166094449204 50.13697224093842 49.86302775906158
2.9999999999999973 50.089850514995724 49.91014948500428 50.123937608833316 49.876062391166684
3.049999999999997 50.08086546349615 49.919134536503854 50.11214338597429 49.88785661402571
3.099999999999997 50.072778917146536 49.92722108285347 50.10147153181479 49.89852846818521
3.149999999999997 50.065501025431885 49.93449897456812 50.091815238851446 49.908184761148554
3.1999999999999966 50.0589509228887 49.94104907711131 50.083077863658694 49.916922136341306
3.2499999999999964 50.05305583059983 49.946944169400176 50.07517195964888 49.92482804035112
3.2999999999999963 50.047750247539845 49.95224975246016 50.068018401877396 49.931981598122604
3.349999999999996 50.04297522278586 49.957024777214144 50.06154559513367 49.93845440486633
3.399999999999996 50.03867770050728 49.96132229949273 50.05568875739224 49.94431124260776
3.4499999999999957 50.034809930456554 49.96519006954345 50.050389271452424 49.949610728547576
3.4999999999999956 50.0313289374109 49.96867106258911 50.045594098277725 49.954405901722275
3.5499999999999954 50.02819604366981 49.9718039563302 50.041255246163296 49.958744753836704
3.599999999999995 50.025376439302825 49.97462356069718 50.03732929041883 49.96267070958117
3.649999999999995 50.02283879537254 49.977161204627464 50.033776938759694 49.966223061240306
3.699999999999995 50.02055491583529 49.979445084164716 50.03056263805648 49.96943736194352
3.7499999999999947 50.018499424251765 49.98150057574824 50.027654218507394 49.972345781492606
3.7999999999999945 50.01664948182659 49.98335051817342 50.02502257167203 49.97497742832797
3.8499999999999943 50.01498453364393 49.985015466356074 50.02264135914434 49.97735864085566
3.899999999999994 50.01348608027954 49.986513919720466 50.02048674894899 49.97951325105101
3.949999999999994 50.01213747225159 49.98786252774842 50.01853717702296 49.98146282297704
3.999999999999994 50.01092372502643 49.98907627497358 50.01677313139513 49.98322686860487
4.049999999999994 50.00983135252379 49.99016864747622 50.01517695690394 49.98482304309606
4.099999999999993 50.008848217271414 49.99115178272859 50.013732678498606 49.986267321501394
4.149999999999993 50.00796339554427 49.992036604455734 50.012425841355395 49.987574158644605
4.199999999999993 50.00716705598985 49.99283294401016 50.011243366208944 49.988756633791056
4.249999999999993 50.006450350390864 49.99354964960914 50.010173418450535 49.989826581549465
4.299999999999993 50.00580531535178 49.99419468464823 50.00920528968338 49.99079471031662
4.3499999999999925 50.0052247838166 49.994775216183406 50.00832929054938 49.99167070945062
4.399999999999992 50.00470230543494 49.99529769456507 50.00753665375478 49.99246334624522
4.449999999999992 50.00423207489145 49.99576792510856 50.0068194463241 49.9931805536759
4.499999999999992 50.003808867402306 49.9961911325977 50.00617049020433 49.99382950979567
4.549999999999992 50.003427980662075 49.99657201933793 50.005583290424504 49.994416709575496
4.599999999999992 50.00308518259587 49.99691481740414 50.005051970091856 49.994948029908144
4.6499999999999915 50.00277666433628 49.997223335663726 50.00457121157391 49.99542878842609
4.699999999999991 50.002498997902656 49.99750100209735 50.00413620327783 49.99586379672217
4.749999999999991 50.002249098112394 49.99775090188761 50.00374259149439 49.99625740850561
4.799999999999991 50.00202418830116 49.99797581169885 50.00338643682454 49.99661356317546
4.849999999999991 50.00182176947104 49.998178230528964 50.00306417475266 49.99693582524734
4.899999999999991 50.00163959252394 49.99836040747607 50.00277257997161 49.99722742002839
4.94999999999999 50.001475633271546 49.99852436672846 50.00250873410281 49.99749126589719
4.99999999999999 50.00132806994439 49.998671930055615 50.002269996488124 49.997730003511876
